0.078849
0.092625
0.072643
0.091755
0.111632
0.080951
0.090461
0.075568
0.096145
0.116032
0.110167
0.107487
0.071059
0.084126
0.110246
0.089244
0.124284
0.095994
0.084686
0.082169
0.109048
0.105614
0.117964
0.103044
0.117361
0.092132
0.092600
0.062162
0.098174
0.087394
0.062279
0.110206
0.104207
0.084864
0.083946
0.112047
0.123597
0.125708
0.074300
0.064672
0.142497
0.107746
0.079365
0.071304
0.074286
0.059049
0.077992
0.093171
0.113250
0.083136
0.116145
0.102621
0.090480
0.073866
0.073050
0.071791
0.098269
0.055897
0.073993
0.157561
0.089597
0.090243
0.105513
0.074278
0.105892
0.086883
0.082326
0.110972
0.096166
0.049915
0.128126
0.089977
0.113654
0.096191
0.106920
0.124079
0.079176
0.090653
0.077110
0.077326
0.112458
0.094695
0.081903
0.092830
0.107289
0.112188
0.069345
0.093344
0.052187
0.061635
0.075948
0.129539
0.087097
0.067285
0.079154
0.118685
0.066175
0.068103
0.068667
0.086025
0.083580
0.089412
0.081405
0.084175
0.112039
0.086515
0.065081
0.051328
0.071972
0.096568
0.058270
0.069614
0.088114
0.107279
0.123280
0.080137
0.064829
0.091300
0.076888
0.062151
0.087285
0.098639
0.091163
0.128053
0.105885
0.063110
0.060436
0.089974
0.079893
0.118878
0.089001
0.091797
0.117994
0.060234
0.099944
0.059821
0.105735
0.100789
0.116784
0.087167
0.100671
0.061561
0.116778
0.073661
0.090994
0.085458
0.098023
0.081032
0.108288
0.086651
0.071569
0.080664
0.097434
0.050973
0.088097
0.096128
0.106906
0.080112
0.081042
0.082328
0.089157
0.124029
0.095202
0.086458
0.102052
0.088320
0.143620
0.136587
0.092538
0.070842
0.104671
0.065355
0.073046
0.087290
0.098932
0.094555
0.091341
0.070950
0.091949
0.089081
0.128948
0.092614
0.078533
0.095924
0.067368
0.098337
0.161722
0.102346
0.073036
0.097741
0.085754
0.083031
0.110481
0.107302
0.072020
0.090555
0.128263
0.086170
0.062099
0.084195
0.127479
0.043594
0.103206
0.092967
0.088832
0.086847
0.063775
0.070742
0.110898
0.113658
0.082830
0.076119
0.097104
0.096026
0.038765
0.127250
0.140681
0.099763
0.125412
0.122849
0.070044
0.073829
0.072889
0.086902
0.078775
0.071743
0.117760
0.085961
0.089841
0.117489
0.077229
0.073462
0.091083
0.142448
0.079711
0.083831
0.073388
0.094547
0.069299
0.104828
0.051789
0.125546
0.072311
0.091646
0.105931
0.063464
0.103439
0.057798
0.071661
0.066208
0.070944
0.087338
0.099367
0.072506
0.095720
0.074229
0.088548
0.085074
0.099614
0.089404
0.104409
0.082979
0.076929
0.047382
0.111700
0.098131
0.138753
0.084058
0.148917
0.098439
0.088372
0.076808
0.115344
0.122575
0.090174
0.071968
0.109856
0.130605
0.098283
0.060956
0.075588
0.101253
0.085132
0.084300
0.078172
0.086135
0.061043
0.059421
0.072671
0.075268
0.120367
0.072499
0.075107
0.089506
0.102734
0.136972
0.077062
0.094541
0.101811
0.106355
0.124861
0.105186
0.078797
0.092915
0.084487
0.089251
0.071495
0.100667
0.097135
0.062685
0.081571
0.077095
0.072841
0.083866
0.116464
0.074438
0.086950
0.074084
0.110182
0.080177
0.061576
0.104083
0.079765
0.070703
0.134145
0.104487
0.085365
0.104334
0.069580
0.069303
0.089818
0.090958
0.093901
0.108163
0.074926
0.075779
0.095644
0.089454
0.091141
0.083600
0.103927
0.105486
0.107915
0.059568
0.063158
0.051913
0.082446
0.103127
0.066879
0.076548
0.113780
0.078404
0.087648
0.124527
0.113748
0.091068
0.119101
0.092737
0.094662
0.072155
0.073516
0.070410
0.101442
0.115621
0.103937
0.105180
0.111492
0.112887
0.095833
0.093628
0.087158
0.075519
0.069234
0.100490
0.080494
0.107854
0.076130
0.057794
0.093549
0.094820
0.088113
0.101993
0.142231
0.115342
0.114672
0.093819
0.080563
0.140261
0.096710
0.112045
0.098595
0.096048
0.085123
0.094896
0.098528
0.099043
0.095224
0.081179
0.067059
0.128398
0.082836
0.103161
0.103578
0.093463
0.093920
0.051411
0.084230
0.091614
0.086829
0.064904
0.083798
0.084472
0.093745
0.104518
0.091191
0.080809
0.100530
0.093797
0.067582
0.111674
0.083694
0.081403
0.091836
0.069454
0.096952
0.121313
0.093749
0.083289
0.137025
0.079529
0.102225
0.091844
0.091279
0.080872
0.100050
0.069210
0.057039
0.116682
0.104052
0.073609
0.079116
0.076383
0.113098
0.099909
0.126688
0.135948
0.077417
0.063869
0.100785
0.097572
0.079910
0.105540
0.077881
0.070028
0.087631
0.110305
0.101880
0.123718
0.084896
0.083195
0.079235
0.103923
0.081815
0.071083
0.126439
0.077219
0.071188
0.104634
0.109397
0.061295
0.129342
0.073779
0.079852
0.111646
0.087636
0.102691
0.087303
0.128085
0.075254
0.125703
0.123855
0.085393
0.067383
0.097154
0.098771
0.078590
0.103667
0.109993
0.096125
0.081730
0.108486
0.110885
0.097078
0.046748
0.092409
0.113104
0.086013
0.066827
0.132437
0.092285
0.066045
0.085983
0.095382
0.074933
0.107728
0.094419
0.079586
0.073069
0.081346
0.100011
0.094594
0.078432
0.107848
0.081646
0.081903
0.087135
0.079068
0.112694
0.089847
0.103654
0.111735
0.097412
0.083724
0.087595
0.125366
0.075340
0.098107
0.097841
0.101790
0.096994
0.081464
0.092927
0.095290
0.105634
0.061303
0.118134
0.101452
0.080562
0.115564
0.086503
0.067324
0.084471
0.072129
0.080573
0.094087
0.093817
0.090398
0.100565
0.084133
0.103037
0.064727
0.088435
0.116792
0.084217
0.061281
0.078395
0.068372
0.111799
0.106697
0.065488
0.081479
0.079846
0.098468
0.059525
0.074606
0.071435
0.111402
0.076871
0.054203
0.087226
0.095776
0.085728
0.077023
0.097392
0.132136
0.071652
0.129743
0.052585
0.066667
0.102976
0.070948
0.062567
0.074117
0.078705
0.102760
0.102061
0.085837
0.087642
0.077508
0.049219
0.127519
0.113512
0.090599
0.079913
0.076568
0.074911
0.074739
0.079033
0.127088
0.130766
0.063635
0.103840
0.065534
0.082028
0.099374
0.101121
0.103211
0.075273
0.047571
0.077867
0.100255
0.105593
0.103958
0.079334
0.086000
0.060049
0.087709
0.084900
0.096379
0.061913
0.079193
0.172656
0.078093
0.079992
0.083011
0.062662
0.084467
0.058232
0.091084
0.082686
0.094583
0.054147
0.057498
0.091375
0.113717
0.115566
0.111380
0.111671
0.069025
0.083928
0.116565
0.092418
0.114262
0.051812
0.092889
0.105485
0.055487
0.085178
0.114891
0.125827
0.082427
0.102968
0.116449
0.078120
0.060594
0.102024
0.068699
0.097718
0.105329
0.155267
0.065804
0.080813
0.082185
0.091909
0.115936
0.100943
0.073963
0.128481
0.070037
0.081696
0.098470
0.062493
0.066273
0.088685
0.109191
0.065012
0.068948
0.056917
0.093990
0.098446
0.071763
0.092987
0.087850
0.101447
0.078220
0.092693
0.080672
0.087059
0.079319
0.101201
0.130470
0.110534
0.085184
0.071902
0.095831
0.057785
0.122679
0.091999
0.082524
0.075316
0.081496
0.094566
0.083753
0.108791
0.102621
0.084839
0.098899
0.090301
0.085833
0.089209
0.151452
0.119648
0.082510
0.096735
0.080955
0.082895
0.100564
0.072408
0.096671
0.080447
0.099216
0.115127
0.096805
0.099561
0.052026
0.091428
0.090938
0.085458
0.070561
0.086464
0.081854
0.167075
0.069426
0.081624
0.091087
0.066971
0.107242
0.101033
0.098036
0.068188
0.074218
0.088318
0.072638
0.113252
0.075470
0.101217
0.074217
0.072868
0.084779
0.088702
0.133118
0.105637
0.091607
0.054674
0.106183
0.086629
0.098082
0.070924
0.052967
0.112103
0.091704
0.055151
0.084578
0.078335
0.055927
0.129454
0.119379
0.102101
0.072355
0.110354
0.130276
0.092061
0.085830
0.092937
0.082601
0.092956
0.075531
0.058741
0.073664
0.086094
0.061621
0.084134
0.095867
0.097096
0.072252
0.087064
0.081153
0.104717
0.080143
0.091610
0.053602
0.110440
0.086514
0.076473
0.083199
0.071222
0.084174
0.100696
0.067422
0.091596
0.102698
0.061200
0.081296
0.074206
0.077681
0.074252
0.084863
0.117455
0.066071
0.094882
0.100882
0.133071
0.101577
0.081170
0.096468
0.096276
0.077102
0.087192
0.060541
0.082110
0.094679
0.067905
0.092683
0.071552
0.133146
0.113058
0.130176
0.071258
0.110873
0.078530
0.069930
0.083203
0.105180
0.095318
0.092892
0.076351
0.072691
0.087578
0.077240
0.115866
0.135896
0.059107
0.092458
0.092851
0.120702
0.094177
0.096195
0.074335
0.092538
0.149439
0.082185
0.087018
0.086702
0.147582
0.065857
0.078194
0.086596
0.065390
0.107799
0.089316
0.099563
0.079375
0.107279
0.065499
0.068596
0.086111
0.055182
0.129738
0.116251
0.104692
0.098892
0.079005
0.071275
0.068986
0.109382
0.101711
0.091016
0.092307
0.062457
0.117153
0.091218
0.130276
0.081000
0.122742
0.073135
0.098494
0.068994
0.135156
0.074639
0.099139
0.094972
0.093397
0.103104
0.098260
0.063639
0.123850
0.127719
0.100394
0.062542
0.082666
0.073462
0.078730
0.065113
0.072335
0.074269
0.106143
0.062648
0.124077
0.128371
0.062465
0.109377
0.101705
0.081013
0.103792
0.087170
0.067888
0.110514
0.099502
0.086823
0.081910
0.112851
0.104244
0.076401
0.098523
0.078274
0.074141
0.084426
0.082891
0.069647
0.065042
0.083839
0.093351
0.066881
0.109918
0.098625
0.096636
0.075397
0.077530
0.099525
0.075222
0.059921
0.125191
0.092897
0.122479
0.096990
0.092605
0.092622
0.059510
0.103969
0.054554
0.068133
0.084267
0.124312
0.088026
0.075973
0.090351
0.084867
0.112633
0.068017
0.071602
0.083177
0.098134
0.109860
0.138210
0.094791
0.092961
0.087366
0.077015
0.102475
0.068273
0.121587
0.088226
0.083743
0.091799
0.104181
0.079609
0.091401
0.103116
0.079272
0.075378
0.066780
0.069271
0.093986
0.134619
0.122106
0.117852
0.113907
0.079514
0.105013
0.113338
0.097197
0.069366
0.101489
0.053604
0.092739
0.080023
0.085296
0.099675
0.086097
0.103363
0.073892
0.131933
0.104180
0.065480
0.081025
0.102423
0.142448
0.087773
0.107020
0.082729
0.121977
0.134419
0.095753
0.092199
0.098663
0.062884
0.085462
0.064115
0.072436
0.084182
0.096654
0.083772
0.078696
0.135345
0.080614
0.070624
0.075258
0.143559
0.074649
0.104736
0.051217
0.069171
0.074913
0.060160
0.101580
0.117096
0.081585
0.116067
0.083963
0.123559
0.096824
0.130343
0.110907
0.094577
0.108432
0.093644
0.106195
0.072389
0.116831
0.104773
0.067295
0.089862
0.082221
0.095877
0.068190
0.081000
0.066655
0.143251
0.104563
0.089683
0.082185
0.087608
0.064019
0.098458
0.094461
0.126412
0.106887
0.076468
0.093527
0.107708
0.100675
0.100506
0.067645
0.088817
0.053596
0.108591
0.093531
0.104966
0.092182
0.089708
0.067986
0.091998
0.074792
0.078283
0.094806
0.065428
0.136351
0.073522
0.089329
0.086797
0.088831
0.083801
0.107988
0.088659
0.095630
0.086990
0.064677
0.084654
0.068306
0.079064
0.089244
0.142982
0.096544
0.123805
0.059575
0.110168
0.122494
0.058466
0.106257
0.086083
0.103130
0.086767
0.083892
0.063235
0.118813
0.084681
0.070817
0.063198
0.120687
0.119280
0.094852
0.043811
0.134121
0.085566
0.070442
0.106164
0.095174
0.078946
0.078969
0.092328
0.074532
0.091915
0.091551
0.114450
0.073950
0.075941
0.054655
0.103544
0.073420
0.068657
0.094459
0.092003
0.102529
0.089753
0.079643
0.072600
0.119338
0.112398
0.092744
0.081160
0.077647
0.104019
0.103217
0.085462
0.100284
0.080796
0.073130
0.133907
0.087931
0.049990
0.053898
0.103600
0.058402
0.080741
0.104214
0.076630
0.078256
0.073505
0.093548
0.093860
0.075696
0.075682
0.111072
0.105277
0.074239
0.082695
0.121634
0.104931
0.086020
0.084995
0.101221
0.104004
0.074962
0.096878
0.076764
0.055051
0.063580
0.122196
0.081935
0.095547
0.080590
0.129689
0.089472
0.094963
0.097120
0.061518
0.081912
0.086456
0.090317
0.082697
0.073753
0.066199
0.120931
0.074926
0.061659
0.106541
0.098995
0.098641
0.058506
0.142418
0.074980
0.094204
0.109169
0.059575
0.090204
0.063305
0.068867
0.109033
0.119511
0.117004
0.059857
0.061441
0.126746
0.114510
0.106679
0.101044
0.110739
0.069018
0.110690
0.058827
0.107160
0.108763
0.081028
0.079989
0.126944
0.086478
0.062893
0.125244
0.120281
0.118107
0.085869
0.092359
0.078738
0.081647
0.066247
0.050554
0.074915
0.105057
0.095138
0.080626
0.107060
0.102230
0.086785
0.083954
0.120897
0.092947
0.065492
0.107471
0.101912
0.103781
0.092860
0.100360
0.087952
0.102359
0.097126
0.091044
0.092308
0.087445
0.085586
0.102537
0.079615
0.107774
0.085779
0.084812
0.097514
0.065856
0.063741
0.065998
0.101286
0.075521
0.109945
0.096253
0.089867
0.120889
0.071347
0.099422
0.086879
0.073848
0.092275
0.091527
0.080326
0.090413
0.142419
0.085402
0.069494
0.107181
0.064660
0.099237
0.069884
0.106723
0.090261
0.106830
0.087738
0.112640
0.081390
0.085424
0.096388
0.084258
0.077772
0.094632
0.092518
0.106592
0.105958
0.081222
0.077623
0.096832
0.075276
0.104743
0.107370
0.073980
0.082697
0.128207
0.132195
0.128452
0.091331
0.055349
0.090162
0.089594
0.132411
0.093164
0.066629
0.074332
0.079944
0.059733
0.072216
0.094480
0.077700
0.092732
0.102581
0.084159
0.124574
0.110278
0.136914
0.078023
0.087955
0.079094
0.116684
0.111489
0.077359
0.078563
0.064628
0.099127
0.108774
0.112107
0.089222
0.111948
0.093298
0.082947
0.136171
0.058412
0.093914
0.087509
0.063855
0.096284
0.118023
0.085760
0.061134
0.141791
0.109206
0.090744
0.088588
0.067582
0.083744
0.096460
0.091544
0.095442
0.076865
0.075148
0.075548
0.058685
0.095080
0.063537
0.111070
0.052365
0.096910
0.065727
0.095765
0.091711
0.123433
0.099344
0.078926
0.085537
0.053460
0.082697
0.068786
0.109072
0.125062
0.088387
0.060590
0.076012
0.132512
0.088500
0.071039
0.094360
0.072909
0.098077
0.112536
0.051106
0.089811
0.073957
0.080734
0.087699
0.088220
0.063146
0.089955
0.073612
0.074561
0.071901
0.102773
0.086206
0.109925
0.113560
0.063271
0.078878
0.088906
0.076619
0.084124
0.108970
0.068226
0.115388
0.110305
0.117969
0.061193
0.093983
0.095111
0.074640
0.117591
0.130573
0.103999
0.114421
0.084463
0.046261
0.122274
0.107481
0.103265
0.086147
0.066866
0.071378
0.121599
0.109385
0.093986
0.107625
0.105641
0.091528
0.102767
0.059639
0.051276
0.104750
0.095936
0.101866
0.074014
0.101040
0.104474
0.072244
0.064014
0.102451
0.081054
0.097698
0.083774
0.083763
0.091772
0.093749
0.094005
0.071124
0.087539
0.104298
0.102359
0.094265
0.087847
0.108951
0.085008
0.088859
0.089144
0.074662
0.141661
0.097189
0.059999
0.091776
0.069584
0.099235
0.088435
0.076138
0.054830
0.124464
0.119932
0.078685
0.133224
0.075994
0.111384
0.110472
0.079041
0.100600
0.065117
0.095183
0.117423
0.115084
0.080164
0.071933
0.113913
0.058351
0.102350
0.102039
0.117840
0.124602
0.076503
0.101856
0.058728
0.095746
0.100538
0.103838
0.139210
0.126337
0.096853
0.100351
0.091967
0.128190
0.062536
0.106430
0.068461
0.090711
0.093826
0.080316
0.045646
0.081623
0.078275
0.112751
0.120706
0.061484
0.114177
0.093824
0.080155
0.086059
0.103721
0.095781
0.062202
0.088860
0.048550
0.071909
0.092529
0.069339
0.079001
0.110662
0.081365
0.098863
0.109034
0.073077
0.079604
0.075556
0.104911
0.106920
0.085391
0.081018
0.092405
0.077679
0.080823
0.115785
0.059113
0.077541
0.101739
0.085718
0.087734
0.075036
0.072989
0.103463
0.092630
0.101411
0.120188
0.090075
0.072663
0.109110
0.076912
0.057301
0.093066
0.076391
0.091324
0.102750
0.097652
0.089962
0.085874
0.080857
0.107806
0.072115
0.089165
0.096677
0.087697
0.092026
0.064137
0.069659
0.075482
0.085315
0.079052
0.107179
0.054192
0.096088
0.079650
0.090187
0.087193
0.051522
0.092383
0.066596
0.098422
0.080413
0.073214
0.073141
0.078048
0.129340
0.092380
0.136763
0.106768
0.072998
0.104735
0.068917
0.106901
0.136310
0.071641
0.073464
0.100348
0.110633
0.100538
0.080999
0.123267
0.068987
0.100250
0.147728
0.100461
0.081926
0.103290
0.116685
0.063051
0.061133
0.118304
0.117708
0.067664
0.074140
0.085107
0.077778
0.101601
0.068086
0.070466
0.121101
0.086097
0.095670
0.089676
0.101539
0.117125
0.063562
0.103686
0.111076
0.094704
0.106714
0.078258
0.044071
0.080404
0.137022
0.100554
0.116234
0.084496
0.085106
0.100440
0.105808
0.106046
0.090357
0.163375
0.115907
0.091128
0.093735
0.063369
0.081547
0.112030
0.075331
0.087609
0.105817
0.118258
0.111178
0.113886
0.076363
0.087589
0.108861
0.059336
0.119932
0.071307
0.091691
0.091618
0.094339
0.108606
0.062199
0.098082
0.085439
0.061278
0.060292
0.103211
0.092589
0.077771
0.136169
0.075869
0.114085
0.101380
0.086277
0.062658
0.087442
0.067948
0.124422
0.097107
0.069625
0.135540
0.081034
0.073353
0.069701
0.103557
0.118299
0.102622
0.075148
0.090521
0.108066
0.113613
0.083087
0.074534
0.107804
0.087301
0.082060
0.093637
0.098746
0.076669
0.057036
0.067374
0.096629
0.064548
0.068089
0.089906
0.071013
0.074202
0.094318
0.105920
0.130378
0.108082
0.104102
0.085680
0.094521
0.108356
0.101428
0.064621
0.082367
0.089776
0.078679
0.101675
0.097284
0.079783
0.098210
0.098656
0.094324
0.053361
0.117297
0.051693
0.071092
0.135334
0.093455
0.106204
0.069459
0.065365
0.109456
0.087015
0.070583
0.110189
0.147700
0.079492
0.105397
0.131768
0.085707
0.053422
0.073881
0.073193
0.100452
0.081627
0.156042
0.085657
0.117914
0.096404
0.100921
0.078341
0.096655
0.102045
0.086092
0.073237
0.110013
0.098759
0.100841
0.088218
0.096044
0.085447
0.092880
0.062282
0.067626
0.124350
0.051389
0.116958
0.074713
0.099729
0.068625
0.094802
0.061721
0.077318
0.096814
0.116826
0.094029
0.073065
0.053001
0.104600
0.102539
0.070961
0.087447
0.081893
0.076008
0.068362
0.063516
0.102353
0.107753
0.086157
0.131779
0.121698
0.102818
0.100930
0.077473
0.104261
0.068321
0.092321
0.085353
0.063266
0.147745
0.114313
0.065622
0.094751
0.106623
0.089847
0.097749
0.071893
0.090748
0.088910
0.093921
0.110284
0.083016
0.069835
0.100765
0.087669
0.126376
0.108208
0.071220
0.117080
0.101131
0.074116
0.079456
0.103843
0.070111
0.089394
0.063711
0.092744
0.075434
0.088274
0.080301
0.082753
0.077317
0.096403
0.082171
0.118021
0.090540
0.111259
0.081056
0.059798
0.082864
0.108410
0.085700
0.082488
0.086787
0.080422
0.139797
0.092376
0.108481
0.076846
0.142857
0.060741
0.104776
0.107433
0.080326
0.056246
0.072190
0.084840
0.098981
0.092490
0.082755
0.089977
0.117454
0.100974
0.077152
0.121933
0.090287
0.055623
0.076413
0.099858
0.111748
0.076404
0.087886
0.095837
0.104089
0.111544
0.110719
0.081329
0.094398
0.126509
0.121606
0.078464
0.049829
0.056021
0.103603
0.073478
0.079098
0.061992
0.057153
0.051709
0.110854
0.110776
0.144247
0.081233
0.109898
0.103182
0.084488
0.092814
0.079314
0.116229
0.098509
0.079539
0.098288
0.075189
0.069120
0.086298
0.123482
0.060044
0.067721
0.082729
0.086894
0.071325
0.077477
0.092011
0.068825
0.082271
0.093817
0.113213
0.124539
0.114420
0.079952
0.086110
0.112600
0.072352
0.069149
0.073013
0.078664
0.082970
0.111559
0.093816
0.102745
0.095743
0.104302
0.086899
0.097383
0.081096
0.067749
0.066600
0.070392
0.062256
0.068843
0.107170
0.078417
0.137599
0.078857
0.071676
0.074756
0.111598
0.106847
0.116869
0.067440
0.080322
0.112345
0.131186
0.096165
0.153017
0.086758
0.093709
0.124917
0.104545
0.108510
0.067367
0.089562
0.111224
0.108262
0.085312
0.066885
0.084733
0.098284
0.071451
0.091722
0.077723
0.104441
0.077077
0.072776
0.097855
0.129430
0.066053
0.096092
0.094254
0.113661
0.075719
0.095063
0.072989
0.073476
0.104103
0.105259
0.090872
0.092363
0.096809
0.089077
0.105901
0.087909
0.062494
0.098295
0.090348
0.116406
0.111738
0.100761
0.095124
0.106037
0.137345
0.085181
0.043833
0.085430
0.088725
0.135069
0.066516
0.129582
0.076798
0.082156
0.081903
0.099352
0.073521
0.127296
0.087063
0.109229
0.099033
0.134868
0.078455
0.082024
0.114510
0.073253
0.089898
0.077656
0.081630
0.088691
0.104688
0.083639
0.103147
0.083357
0.080893
0.109889
0.107846
0.077739
0.072838
0.099393
0.073665
0.065855
0.066183
0.078298
0.108699
0.088333
0.095735
0.074636
0.097870
0.083989
0.103404
0.076528
0.061867
0.070849
0.084895
0.086953
0.102483
0.078318
0.072048
0.060953
0.064551
0.119956
0.069445
0.126528
0.103345
0.096800
0.080531
0.090267
0.106045
0.087300
0.086967
0.077373
0.062896
0.106173
0.066275
0.082883
0.062150
0.112870
0.068842
0.106356
0.083777
0.070198
0.085021
0.134868
0.156394
0.094231
0.067515
0.095931
0.106823
0.093113
0.088231
0.085726
0.078361
0.086891
0.091350
0.096602
0.101845
0.070867
0.050057
0.130015
0.052347
0.127054
0.081157
0.087764
0.105872
0.074522
0.122250
0.087357
0.117396
0.058033
0.035484
0.087821
0.072886
0.088415
0.089350
0.089741
0.137268
0.120293
0.089305
0.119012
0.111147
0.091878
0.092284
0.095194
0.067801
0.077160
0.124611
0.095407
0.090375
0.098652
0.078458
0.070334
0.106624
0.091104
0.052526
0.088965
0.142903
0.123931
0.073638
0.058518
0.105552
0.055143
0.094182
0.095846
0.069308
0.099646
0.084198
0.144112
0.098186
0.085811
0.084328
0.102458
0.111324
0.113263
0.088822
0.097557
0.068070
0.057319
0.118761
0.066077
0.124576
0.106276
0.076424
0.103498
0.091476
0.117226
0.101983
0.089467
0.070014
0.096304
0.061171
0.064439
0.085658
0.085479
0.093445
0.124462
0.086395
0.125367
0.082805
0.101150
0.079992
0.099532
0.099977
0.082858
0.106697
0.080319
0.066226
0.108611
0.073713
0.087317
0.085138
0.095394
0.091554
0.122666
0.093899
0.078456
0.078662
0.071256
0.070993
0.098084
0.066837
0.108535
0.075097
0.105070
0.113476
0.088625
0.094733
0.066129
0.091698
0.113151
0.092588
0.126874
0.106291
0.110102
0.064462
0.086212
0.113166
0.066286
0.102938
0.090846
0.115205
0.100475
0.124897
0.097576
0.086645
0.087650
0.065564
0.100637
0.129641
0.146789
0.107228
0.082653
0.101330
0.102267
0.119026
0.105847
0.086059
0.075788
0.083976
0.083591
0.078453
0.074071
0.108813
0.096615
0.103473
0.100084
0.078241
0.113926
0.105399
0.071682
0.072063
0.085033
0.088689
0.088372
0.107330
0.112226
0.084328
0.081128
0.117019
0.077979
0.094953
0.065582
0.081851
0.119476
0.078022
0.090138
0.088040
0.069139
0.091629
0.091316
0.100694
0.078605
0.109670
0.099721
0.073433
0.061953
0.055642
0.091434
0.103138
0.103960
0.078983
0.107820
0.076039
0.102954
0.112392
0.141670
0.060403
0.068570
0.071822
0.084693
0.112539
0.081464
0.097705
0.117314
0.116263
0.103292
0.091503
0.110807
0.062928
0.087518
0.086917
0.078917
0.100577
0.098233
0.117888
0.088462
0.112220
0.056974
0.073021
0.103346
0.099712
0.054818
0.083544
0.075419
0.105730
0.083231
0.083011
0.089699
0.085124
0.088139
0.060690
0.069312
0.084342
0.092203
0.099451
0.075387
0.075177
0.082202
0.101122
0.078151
0.099017
0.090789
0.089475
0.120284
0.099487
0.106143
0.101650
0.111546
0.077125
0.095062
0.068844
0.107471
0.076520
0.081952
0.096595
0.072701
0.081170
0.089011
0.089439
0.063787
0.078040
0.093446
0.074396
0.056577
0.124613
0.088273
0.096894
0.103274
0.102104
0.092247
0.108665
0.153359
0.091627
0.051884
0.090528
0.115660
0.081485
0.095598
0.119835
0.124412
0.093295
0.075878
0.104390
0.106045
0.098921
0.066994
0.116626
0.104705
0.082188
0.096990
0.124935
0.065901
0.078723
0.106900
0.086967
0.087541
0.099381
0.081645
0.111924
0.099109
0.064101
0.110249
0.102434
0.096631
0.106903
0.143459
0.140676
0.069059
0.111611
0.095960
0.107490
0.128565
0.099266
0.097055
0.103616
0.095439
0.127799
0.077018
0.102430
0.092954
0.103763
0.090016
0.094630
0.110965
0.102751
0.096917
0.113950
0.083961
0.102841
0.118451
0.122093
0.097627
0.089361
0.095866
0.124643
0.074844
0.090385
0.045541
0.089626
0.127536
0.114491
0.088388
0.069080
0.070969
0.050381
0.081817
0.092295
0.092405
0.093180
0.122837
0.111433
0.108283
0.120439
0.078546
0.121528
0.112241
0.069267
0.052524
0.100606
0.075492
0.123296
0.098264
0.155910
0.073434
0.090310
0.078814
0.059635
0.105429
0.097709
0.069711
0.080574
0.111031
0.100619
0.114906
0.085515
0.108729
0.089822
0.070148
0.103474
0.077976
0.077940
0.079535
0.086152
0.090914
0.077925
0.078283
0.068272
0.087952
0.127307
0.101780
0.077837
0.086304
0.085506
0.089913
0.149340
0.100418
0.083346
0.070254
0.114339
0.089879
0.066778
0.058151
0.104293
0.073057
0.066615
0.085881
0.059897
0.084762
0.077454
0.099032
0.096071
0.090494
0.058117
0.110528
0.106309
0.092299
0.105673
0.079256
0.081108
0.085864
0.071520
0.118340
0.090219
0.125296
0.094392
0.100559
0.104494
0.087430
0.117730
0.102393
0.092623
0.102365
0.074905
0.106501
0.096243
0.102872
0.084554
0.066655
0.064887
0.093224
0.115119
0.060493
0.116022
0.081878
0.092177
0.134230
0.102968
0.141572
0.078807
0.108753
0.090429
0.106103
0.081709
0.062308
0.097016
0.123441
0.097385
0.073653
0.084388
0.060343
0.067061
0.081766
0.108978
0.116318
0.108605
0.100407
0.095004
0.091808
0.091033
0.086010
0.099170
0.118962
0.106463
0.112235
0.071791
0.065228
0.096172
0.082549
0.083029
0.138021
0.113105
0.102539
0.122065
0.140836
0.061642
0.080452
0.096781
0.073525
0.077354
0.076410
0.083227
0.095723
0.122246
0.127643
0.096427
0.100087
0.102038
0.078007
0.086303
0.095593
0.095269
0.092858
0.090334
0.098291
0.065533
0.090031
0.113238
0.107986
0.069850
0.071486
0.090542
0.065665
0.113077
0.088987
0.089647
0.100799
0.110834
0.083519
0.097065
0.094846
0.093762
0.077391
0.123024
0.074346
0.077964
0.101496
0.097845
0.063143
0.125200
0.096092
0.099112
0.088568
0.094036
0.134062
0.113408
0.128099
0.077975
0.072637
0.071525
0.077560
0.060412
0.128333
0.053501
0.076758
0.122688
0.094792
0.121952
0.064936
0.140104
0.124569
0.067456
0.081883
0.121699
0.042251
0.115867
0.049878
0.095555
0.102071
0.084357
0.085885
0.124378
0.095990
0.112293
0.117211
0.094310
0.101539
0.075606
0.125514
0.122165
0.078335
0.070727
0.098437
0.111588
0.062824
0.082335
0.090500
0.097451
0.072081
0.092675
0.078800
0.107970
0.065522
0.103712
0.086573
0.094897
0.063645
0.081336
0.067263
0.108660
0.094856
0.068135
0.090859
0.092785
0.072579
0.084236
0.069800
0.120758
0.090219
0.092696
0.075905
0.093951
0.078839
0.069935
0.087797
0.083025
0.128875
0.065712
0.075977
0.117389
0.105668
0.063829
0.077926
0.084786
0.090941
0.083248
0.098084
0.086965
0.088457
0.042154
0.104627
0.114814
0.078166
0.052745
0.069877
0.072803
0.070360
0.113527
0.121486
0.081486
0.058760
0.109722
0.070853
0.071836
0.066581
0.070158
0.093147
0.113547
0.114280
0.072432
0.102378
0.106082
0.078556
0.095909
0.107101
0.083885
0.089634
0.056337
0.087402
0.112338
0.082529
0.082024
0.118623
0.101879
0.112266
0.130805
0.121755
0.102240
0.081385
0.069851
0.087140
0.073425
0.079460
0.097403
0.066692
0.088877
0.114195
0.086761
0.098444
0.069389
0.095501
0.120947
0.098227
0.107151
0.073230
0.089580
0.098092
0.100416
0.075110
0.091705
0.099559
0.096267
0.108065
0.108454
0.090482
0.079258
0.094350
0.126501
0.096734
0.086207
0.109831
0.116382
0.094105
0.120192
0.100986
0.083689
0.115735
0.085480
0.086392
0.120443
0.092281
0.087002
0.109270
0.079131
0.084027
0.070543
0.078572
0.107398
0.112547
0.126679
0.073947
0.078684
0.082805
0.079093
0.082892
0.081166
0.106263
0.087917
0.104968
0.047633
0.063307
0.117333
0.078935
0.084964
0.094268
0.084840
0.077840
0.088804
0.088022
0.074314
0.073619
0.085468
0.089483
0.176392
0.070074
0.070056
0.075155
0.072728
0.133920
0.102687
0.099991
0.102755
0.079469
0.119422
0.072453
0.088889
0.131915
0.073590
0.147516
0.091226
0.075493
0.063656
0.093166
0.094226
0.083288
0.097038
0.105999
0.096045
0.110213
0.073270
0.081742
0.093232
0.111017
0.106401
0.071730
0.068435
0.066807
0.085470
0.101955
0.074888
0.092771
0.095299
0.114080
0.115511
0.115756
0.077978
0.120501
0.095674
0.110305
0.088325
0.070573
0.100063
0.077604
0.055023
0.079427
0.102197
0.070184
0.085346
0.097243
0.079512
0.100152
0.104422
0.081655
0.045047
0.089675
0.082579
0.091712
0.073636
0.082774
0.088581
0.106856
0.092534
0.103624
0.101908
0.080683
0.103837
0.099353
0.109711
0.091339
0.072911
0.079074
0.084524
0.085124
0.064906
0.092754
0.105769
0.073194
0.058086
0.089092
0.094146
0.084877
0.067600
0.112700
0.066093
0.098752
0.105435
0.084204
0.058892
0.066966
0.122136
0.063824
0.066718
0.098583
0.097039
0.073613
0.081069
0.107473
0.071143
0.100007
0.081850
0.064210
0.057759
0.103899
0.173391
0.071193
0.065416
0.106829
0.087699
0.074031
0.089839
0.091813
0.138666
0.069010
0.109983
0.099336
0.077080
0.060590
0.058280
0.095667
0.075934
0.066686
0.117381
0.070128
0.057663
0.088329
0.091004
0.075220
0.094410
0.083690
0.054202
0.094101
0.101629
0.079162
0.128126
0.089902
0.072942
0.116601
0.088038
0.061499
0.113121
0.105745
0.088191
0.075002
0.080724
0.070329
0.071990
0.075880
0.080611
0.081391
0.073802
0.070719
0.107716
0.098780
0.076662
0.090783
0.093152
0.085579
0.108880
0.131453
0.088904
0.090437
0.116944
0.134729
0.091992
0.105645
0.081551
0.069402
0.082528
0.076990
0.086367
0.070559
0.101229
0.114259
0.096488
0.087239
0.119435
0.055029
0.120052
0.083235
0.072512
0.090197
0.077680
0.110754
0.078680
0.074331
0.105791
0.120162
0.089826
0.146255
0.076694
0.071554
0.102445
0.065941
0.115207
0.084991
0.089886
0.066101
0.104051
0.077561
0.079445
0.084755
0.088160
0.077360
0.068858
0.075424
0.073463
0.114641
0.080181
0.092820
0.097576
0.106844
0.098428
0.074107
0.082614
0.080719
0.052516
0.063341
0.070184
0.079270
0.106768
0.065069
0.063214
0.065438
0.066309
0.079809
0.090702
0.094542
0.115361
0.078414
0.124926
0.101939
0.107388
0.087205
0.060964
0.095104
0.089293
0.069278
0.061742
0.079571
0.050234
0.077922
0.072182
0.046357
0.085062
0.104425
0.074489
0.082707
0.106044
0.140148
0.076702
0.088375
0.085625
0.061477
0.096003
0.090497
0.059276
0.083635
0.086240
0.109285
0.060617
0.111824
0.086670
0.070405
0.052886
0.095254
0.096454
0.078667
0.086897
0.092308
0.079937
0.093711
0.084153
0.136687
0.104438
0.048633
0.095438
0.059795
0.070188
0.068954
0.110968
0.099756
0.115197
0.079844
0.108707
0.082528
0.118912
0.093561
0.061495
0.101020
0.067012
0.067946
0.109932
0.093411
0.071591
0.108281
0.111181
0.101886
0.121384
0.077942
0.056639
0.071276
0.119192
0.078158
0.080329
0.070239
0.056069
0.078401
0.131733
0.098987
0.102139
0.072863
0.093931
0.092753
0.055504
0.064579
0.052907
0.105711
0.085727
0.102429
0.103700
0.098384
0.112857
0.072241
0.122130
0.099325
0.113955
0.083119
0.122857
0.088944
0.089892
0.087741
0.076522
0.091798
0.074113
0.086998
0.111795
0.100262
0.130609
0.065562
0.083341
0.067303
0.090505
0.103717
0.092938
0.145960
0.091418
0.103716
0.095176
0.098604
0.066556
0.070504
0.080147
0.104836
0.083728
0.123575
0.116071
0.095997
0.056590
0.109550
0.070877
0.093919
0.107493
0.088509
0.065124
0.101155
0.124232
0.104115
0.074215
0.094324
0.091448
0.091079
0.061790
0.088402
0.092212
0.089087
0.075866
0.076010
0.076913
0.100169
0.081637
0.092738
0.053757
0.091838
0.075299
0.099583
0.062598
0.110072
0.042984
0.074290
0.101201
0.093372
0.057432
0.089092
0.098687
0.106360
0.065620
0.071754
0.095300
0.094597
0.094938
0.087438
0.115069
0.107542
0.066019
0.082358
0.064219
0.104761
0.095025
0.068810
0.119367
0.095748
0.070384
0.091582
0.077003
0.073671
0.105377
0.083000
0.074123
0.088169
0.088901
0.088243
0.069241
0.122706
0.081694
0.118785
0.099504
0.080959
0.126292
0.083332
0.085872
0.084097
0.097005
0.100848
0.077348
0.069547
0.088762
0.102152
0.076048
0.114504
0.082221
0.104539
0.100425
0.104930
0.124368
0.090990
0.086033
0.092428
0.094428
0.078030
0.099166
0.083024
0.100115
0.095557
0.090513
0.084126
0.064122
0.097869
0.051261
0.088658
0.064017
0.057531
0.078632
0.086421
0.088593
0.142043
0.049422
0.102397
0.103179
0.081441
0.080614
0.095507
0.057736
0.069302
0.125543
0.114306
0.076314
0.068317
0.114473
0.110068
0.100116
0.093974
0.103148
0.065346
0.098616
0.084262
0.093026
0.086231
0.074214
0.122300
0.087595
0.088641
0.092581
0.112213
0.095921
0.072481
0.096501
0.092817
0.047143
0.064562
0.080953
0.100584
0.084250
0.103136
0.081669
0.081397
0.077893
0.084922
0.061960
0.093515
0.103241
0.087259
0.085115
0.105785
0.110104
0.102162
0.095119
0.099314
0.103966
0.080360
0.056972
0.096497
0.128323
0.085114
0.065324
0.102626
0.062769
0.105683
0.082976
0.134567
0.056432
0.130735
0.096099
0.083953
0.064780
0.068982
0.083820
0.060432
0.095950
0.141000
0.110994
0.062943
0.081222
0.066639
0.101644
0.079691
0.150627
0.088739
0.071071
0.100998
0.119349
0.104379
0.067516
0.100927
0.074626
0.082381
0.070510
0.114287
0.083240
0.109801
0.060689
0.106797
0.134453
0.082703
0.136743
0.099382
0.080564
0.082854
0.096503
0.086303
0.088665
0.070325
0.078774
0.068818
0.101659
0.075668
0.113867
0.071025
0.069444
0.062201
0.097890
0.076002
0.059830
0.090847
0.081044
0.112173
0.060297
0.094572
0.100649
0.068066
0.080835
0.100215
0.086779
0.109914
0.094249
0.087245
0.054990
0.104893
0.121268
0.101381
0.124737
0.062121
0.066214
0.124952
0.110021
0.140077
0.092841
0.088763
0.102196
0.103346
0.103371
0.080950
0.052389
0.086524
0.112028
0.132127
0.093935
0.083343
0.122249
0.148244
0.105850
0.097228
0.118562
0.114362
0.077929
0.082874
0.087374
0.077978
0.072492
0.116025
0.107545
0.084051
0.069280
0.085322
0.067493
0.082510
0.100029
0.051904
0.092067
0.101484
0.074130
0.071581
0.082415
0.054048
0.108783
0.061594
0.117344
0.087447
0.078793
0.072284
0.104267
0.067992
0.113199
0.059676
0.073137
0.092616
0.095684
0.119414
0.099342
0.081046
0.079010
0.067241
0.106313
0.085219
0.082504
0.097343
0.080217
0.070760
0.080907
0.106376
0.097305
0.099393
0.095587
0.063673
0.075717
0.076661
0.090138
0.065877
0.082457
0.088511
0.088666
0.116148
0.105566
0.099680
0.093982
0.102544
0.066077
0.111494
0.125125
0.072695
0.091912
0.074341
0.085588
0.089438
0.087061
0.114135
0.103116
0.119081
0.083529
0.072633
0.101726
0.112233
0.084132
0.081679
0.060879
0.101344
0.062919
0.088033
0.065198
0.200540
0.094991
0.074399
0.064022
0.068040
0.074647
0.072690
0.060522
0.111860
0.105640
0.094445
0.116980
0.089193
0.084160
0.087629
0.097539
0.106445
0.071592
0.089117
0.088477
0.093943
0.098477
0.115967
0.062188
0.084406
0.072877
0.115161
0.061200
0.077017
0.109949
0.079452
0.100373
0.067917
0.053561
0.103154
0.091142
0.093560
0.079769
0.107131
0.093918
0.135890
0.092317
0.083146
0.084235
0.105705
0.092394
0.093152
0.106044
0.085032
0.141876
0.075210
0.090481
0.101454
0.083465
0.091994
0.097313
0.098857
0.130575
0.085304
0.074194
0.133027
0.094578
0.081633
0.080382
0.082082
0.094900
0.130163
0.084661
0.084433
0.097320
0.083768
0.102139
0.078224
0.102269
0.108549
0.147097
0.100707
0.063969
0.106964
0.061555
0.089786
0.102676
0.092582
0.083947
0.061959
0.064878
0.070111
0.067537
0.095175
0.083733
0.096287
0.066156
0.078441
0.061056
0.088642
0.086491
0.078916
0.109010
0.069696
0.068759
0.079031
0.073261
0.074309
0.110857
0.102411
0.077383
0.055012
0.081932
0.125682
0.106954
0.114909
0.072561
0.041199
0.088629
0.081954
0.080770
0.119482
0.080303
0.073402
0.084376
0.119331
0.062040
0.082629
0.078125
0.125939
0.115870
0.105323
0.086859
0.070992
0.091012
0.078844
0.050214
0.127303
0.104104
0.086939
0.104430
0.107991
0.079385
0.070170
0.089360
0.082018
0.129718
0.076257
0.079775
0.103804
0.079549
0.127106
0.103692
0.073526
0.056068
0.111963
0.075195
0.071863
0.120538
0.094817
0.084741
0.085492
0.086984
0.105197
0.068446
0.126714
0.096632
0.081214
0.104665
0.081847
0.079234
0.120578
0.099189
0.114855
0.086362
0.084967
0.087971
0.114425
0.155382
0.084085
0.096325
0.064534
0.077998
0.121958
0.080657
0.080527
0.113767
0.100841
0.081873
0.077764
0.076657
0.107426
0.060994
0.089382
0.087378
0.078348
0.127222
0.136755
0.070808
0.102351
0.057546
0.074685
0.094218
0.082131
0.109258
0.106543
0.057710
0.072030
0.093954
0.066672
0.075783
0.061553
0.084005
0.119923
0.102495
0.086193
0.056888
0.164655
0.077656
0.080317
0.094049
0.073337
0.065656
0.100390
0.071652
0.074689
0.061128
0.092362
0.082205
0.074844
0.086040
0.059706
0.161964
0.113199
0.078212
0.078895
0.079711
0.087462
0.104640
0.101431
0.092035
0.078723
0.091393
0.064270
0.119010
0.090073
0.082274
0.105428
0.118736
0.066920
0.060497
0.101963
0.081055
0.106346
0.082007
0.099164
0.084001
0.057462
0.108505
0.064750
0.095470
0.070979
0.091352
0.084322
0.069586
0.076958
0.081180
0.086110
0.080959
0.091586
0.123838
0.089709
0.086805
0.168209
0.095202
0.070291
0.118995
0.087627
0.094326
0.123448
0.108495
0.091477
0.088884
0.080509
0.081351
0.122360
0.087480
0.110703
0.057585
0.115882
0.088039
0.075842
0.075658
0.089679
0.078104
0.079407
0.097170
0.077924
0.081739
0.096569
0.103084
0.068167
0.073573
0.077153
0.076680
0.077947
0.111680
0.073718
0.118680
0.111666
0.104084
0.095813
0.084452
0.058223
